0111	0111					
0112	0112					
0113	0113					
0114	0114					
0115	0115					
0116	0116					
0117	0113					
0118	0117					
0119	0119					
0121	0121					
0122	0122					
0123	0123					
0124	0124					
0129	0129							
0131	0131					
0132	0132					
0133	8130					
0134	0133					
0139	0139									
0211	0210					
0212	0210								
0221	0221					
0222	0221					
0223	0222								
0311	0311					
0312	0311					
0313	0311					
0314	0312							
0321	0321					
0322	0322					
0329	0321,0322							
0411	0500					
0412	4220								
0420	0700								
0510	0700					
0521	0700					
0522	0600					
0523	0600									
0529	0700					
0611	0600,0700
0612	0600					
0621	0600					
0622	0600					
0690	0700					
0810	0811					
0820	0850					
0831	0813,0822,0832,0897		
0832	0812,0821,0831,0897		
0833	0813,0822,0832			
0834	0813,0822,0832			
0841	0894					
0842	0891					
0851	0840					
0852	0862,0863,0899			
0853	0861					
0861	0893					
0869	0863					
0871	0896					
0872	0896					
0873	0896					
0874	0896					
0875	0896					
0879	0896					
0881	0919					
0882	0911					
0883	0920					
0891	0892					
0892	0870					
0893	0895					
0894	0832					
0895	0899					
0899	0899					
0900	1000					
1011	1111					
1012	1112					
1013	1113					
1014	1114					
1019	1119					
1021	1121					
1022	1122					
1023	1123					
1024	1125					
1029	1129					
1030	1130					
1041	1152					
1042	1151,1159					
1043	1152,3400				
1050	1140					
1090	1159					
1111	1211					
1112	1212					
1121	1221					
1122	1222					
1130	1233					
1141	1231					
1142	1232					
1149	1239					
1191	1151					
1199	1151,3400				
1201	1301					
1202	1302					
1203	1303					
1209	1309					
1301	1401					
1302	1402					
1303	1402					
1304	1404,3400				
1305	1409					
1309	1403,1409				
1411	3211					
1412	3211					
1419	3219					
1420	2859,3220				
1430	3211,3219,3220			
1510	1511					
1521	1512					
1522	1513					
1530	1599					
1540	1520					
1591	1591					
1599	1599					
1610	1612					
1620	1611					
1630	1612					
1690	1612					
1711	1810					
1712	1820					
1713	1830					
1720	1850					
1731	1841					
1732	1842					
1790	1990					
1810	1920					
1821	2001					
1822	2002					
1823	2003					
1824	2004					
1825	2005					
1826	1910					
1830	1930					
1840	1940					
1890	1990					
1910	1700					
1990	1700					
2001	2101					
2002	2102					
2009	2109					
2101	2201,2832					
2102	2202					
2103	2203					
2104	2209					
2105	2204					
2106	2209					
2109	2209,2832				
2211	2323					
2212	2329					
2213	2329					
2214	2322					
2215	2329					
2219	2329					
2221	2311					
2222	2312					
2223	1124,2313				
2229	2319					
2231	2331					
2232	2332					
2233	2333					
2240	2321					
2250	2340					
2291	2322					
2292	2391					
2293	2392					
2294	2393					
2299	2399					
2311	2411					
2312	2412					
2313	2413					
2314	2414					
2315	3830					
2319	2549					
2321	2421					
2322	2422					
2323	2423					
2331	2431					
2332	2432					
2333	2433					
2341	2499					
2342	2491					
2343	2499					
2390	2491,2499				
2411	2541					
2412	2542					
2420	2511					
2431	2521					
2432	2522					
2441	2531,3400				
2442	2539					
2451	2544					
2452	2543					
2491	2591					
2492	2933,3400				
2493	2592					
2494	2593					
2499	2599					
2511	2531,3400				
2512	2931,3400				
2520	2921,3400				
2531	2912,3400				
2532	2911,2919,3400			
2533	2938,3400				
2534	2912,2919,3400			
2539	2919,3400				
2541	2923,3400				
2542	2924,3400				
2543	2925,3400				
2544	2929,3400				
2545	2929,3400				
2546	2926,3400				
2547	2927,3400				
2548	2928,3400				
2549	2924,2929,3400					
2551	2922,3400				
2552	2922,3400				
2560	2936,3400				
2570	2937,3400				
2581	2933,3400				
2582	2932,3400				
2583	2934,3400				
2584	2939,3400				
2585	2935,3400				
2591	2939,3400				
2592	2512					
2599	2939,3400				
2611	2711					
2612	2712					
2613	2719					
2614	2691,2711,2729			
2619	2719,2751				
2621	2721,2729				
2622	2721,2729,2751			
2631	2699,2730				
2632	2699,2730				
2639	2729,2890				
2640	1620,2740				
2710	2611,2612,2613			
2720	2620					
2730	2630					
2791	2692					
2792	2641,2649				
2799	2699					
2811	2810,2890,3400			
2812	2831					
2821	2851,2852				
2822	2853					
2823	2859					
2824	2854					
2829	2859					
2831	2841					
2832	2842					
2840	2820					
2890	2832,2890				
2911	3110,3400				
2912	3110					
2913	3110,3400				
2921	3190,3400				
2922	3190					
2931	3010					
2932	3010,3020,3030			
2941	3121					
2942	3122					
2951	3131					
2952	3132					
2961	3190,3400				
2962	3190					
2990	3190,3400				
3011	2751,3400				
3019	2751,2760,3400			
3021	2729,2730,2771			
3022	2779,3321				
3029	2779					
3030	2760,3329				
3040	2752					
3111	3311					
3112	3312,3400				
3113	3313					
3114	3314					
3191	3391					
3192	3392					
3199	3391,3399				
3300	3510					
3400	3520					
3500	3530					
3600	3600					
3801	4220,4290,4310			
3802	4210					
3803	4320,8130				
3804	4100,4220				
3901	4100,4220,4290,4310,4340	
3902	4339,4340				
4001	4220,4290,4331			
4002	4220,4332				
4003	4332					
4100	4340					
4200	3400,4220,4310,4390		
4411	4531					
4412	4541					
4413	4532					
4414	4533,4542				
4415	4533,4542				
4416	4533,4543				
4419	4539,4545				
4421	4544					
4422	4545					
4423	4546					
4424	4547					
4425	4548					
4429	4545,4548,4549			
4431	4551					
4432	4552					
4433	4553					
4434	4559					
4435	4552					
4439	4559					
4441	4561,4642				
4442	4562,4644				
4443	4563					
4444	4563					
4445	4564					
4449	4563,4569					
4451	4571					
4452	4572					
4453	4567					
4461	4581					
4462	4582					
4463	4583					
4464	4583					
4470	4565					
4480	4566					
4511	4611					
4512	4612					
4513	4613					
4514	4619					
4515	4614					
4516	4615					
4519	4619					
4521	4621					
4522	4622					
4531	4631					
4539	4639					
4541	4643					
4542	4642,4649				
4543	4644					
4544	4641,4642				
4545	4564,4649				
4549	4649					
4551	4651					
4552	4652					
4553	4653					
4554	4653					
4560	4520					
4570	4510					
4591	4549					
4592	4691					
4599	4533,4699				
4611	4729					
4612	4721					
4613	4851					
4614	4722					
4615	4723					
4619	4729					
4620	4729					
4631	4731					
4632	4732					
4633	4733					
4634	4739					
4635	4732					
4639	4739					
4641	4741,4832,4833			
4642	4742					
4643	4743					
4644	4743					
4645	4749					
4649	4743,4749				
4651	4751					
4652	4752					
4653	4749					
4661	4761					
4662	4762					
4663	4763,4764				
4664	4763					
4670	4744					
4680	4745					
4711	4810					
4719	4810					
4721	4821					
4729	4829					
4731	4831					
4732	4749					
4739	4749					
4741	4841					
4742	4842					
4743	4843					
4744	4843					
4751	4719					
4752	4711					
4753	4711					
4754	4719					
4759	4711,4719				
4791	4853					
4799	4852,4853				
4811	4871					
4812	4872					
4819	4861,4862,4869,4879		
5011	5510					
5012	5510					
5090	5590					
5110	5610					
5120	5621					
5191	5622					
5199	5631,5632,5690			
5310	4910					
5320	4920					
5331	4931					
5332	4932					
5333	4939					
5340	4940					
5390	4990					
5410	5010					
5420	5020					
5510	5101					
5520	5102					
5600	4910,4940,5010,5020,5101,5301
5710	7900					
5720	5210					
5730	5220					
5741	5231					
5742	5232					
5743	5233					
5750	5249					
5761	5251					
5769	5259					
5770	5260					
5790	5290,8120				
5801	5301					
5802	5302					
5910	5410					
5920	5420					
6000	6100					
6211	6411					
6212	6412					
6213	6412					
6220	6413					
6230	6414					
6240	6419,6632				
6250	6415					
6291	6492					
6292	6495					
6293	6494					
6294	6420,6499				
6295	6496					
6296	6491					
6299	6430,6499,6540,6632,6639,6640
6311	6611					
6312	6631					
6313	6640					
6314	6493					
6319	6619					
6321	6621					
6329	6629					
6410	6510					
6420	6520					
6430	8330					
6440	6530					
6450	6551,6559				
6490	6559					
6611	6700,6811				
6612	6812					
6691	6891					
6699	6899					
6711	7712					
6712	7711					
6713	7713					
6714	7713					
6719	7719					
6721	7721					
6722	7722					
6723	7723					
6729	7729					
6731	7731					
6732	7732					
6739	7739					
6911	6911					
6912	6912					
6919	6919					
6920	6920					
7000	7111,7112				
7101	7401					
7102	7112					
7109	7112,7409				
7201	6201,6202				
7202	6202					
7209	6209					
7310	6202,6312				
7321	6100,6311				
7322	6391					
7329	6399					
7401	6631					
7402	7020					
7403	7609					
7409	7609					
7510	7210					
7520	7220					
7530	7230					
7601	7311					
7602	7312					
7609	7319					
7701	7320					
7702	7601					
7703	7602					
7704	7500					
7705	7121					
7709	7129,7609				
7910	8510					
7920	8520					
7930	8530					
7940	8540					
7950	8550					
7960	8530,8560				
7990	8571,8572,8573,8574,8579,8580
8110	8610					
8120	8620					
8191	8620					
8192	3329,8691,8699			
8193	8699					
8199	8699,8701				
8201	8709,8801				
8202	8703,8802				
8203	8702,8709,8803			
8204	8709,8804				
8209	8709,8809				
8410	5811					
8420	5812					
8430	5813					
8491	5920					
8492	5820					
8499	5813,5819				
8510	5911					
8520	5913					
8530	5914					
8540	5912					
8610	6010					
8620	6021,6022				
8630	5911,5912,5913,5920		
8710	9020					
8720	9010					
8730	9031,9039				
8741	9311					
8742	9312					
8749	8573,9319				
8750	7603					
8800	9101					
8900	9102,9103				
9001	9321,9329				
9002	9322					
9003	9323					
9004	9324					
9009	9039,9200,9329			
9201	7801,7802,7809			
9202	8001,8002				
9203	8201					
9204	8120					
9205	8120					
9206	8203					
9209	8003,8110,8201,8202,8209	
9301	3811,3812,3830			
9302	3821,3822				
9303	3700					
9309	3900,8120				
9410	9410					
9421	9421					
9422	9422					
9423	9423					
9424	9424					
9491	9491					
9499	9499					
9511	9511					
9512	9512					
9591	9521,9522,9523			
9592	9591					
9599	9599					
9610	9610					
9620	9620,9690					
9630	9630					
9640	5241					
9650	9640					
9691	7601					
9692	9690					
9693	1211,9599				
9699	9690					
9811	8311					
9812	8312					
9820	6010,8311,8320,8530,8550,8610
9901	8400					
9902	8400					
9909	8400					
